GBPEUR: 99.06294316052016
USDEUR: 91.32268891060733
USDGBP: 86.72448055230632
